42.3845396
42.3845378
42.3845358
42.3845338
42.3845319
42.3845299
42.3845275
42.3845248
42.3845218
42.3845185
42.3845152
42.3845119
42.3845084
42.3845046
42.3845003
42.3844955
42.3844898
42.3844830
42.3844745
42.3844643
42.3844526
42.3844398
42.3844263
42.3844125
42.3843985
42.3843843
42.3843699
42.3843558
42.3843414
42.3843269
42.3843119
42.3842962
42.3842805
42.3842648
42.3842501
42.3842371
42.3842261
42.3842170
42.3842099
42.3842053
42.3842037
42.3842058
42.3842117
42.3842212
42.3842328
42.3842458
42.3842596
42.3842733
42.3842875
42.3843019
42.3843163
42.3843306
42.3843450
42.3843594
42.3843741
42.3843885
42.3844031
42.3844174
42.3844320
42.3844466
42.3844615
42.3844759
42.3844900
42.3845027
42.3845140
42.3845235
42.3845317
42.3845382
42.3845432
42.3845465
42.3845475
42.3845460
42.3845411
42.3845326
42.3845205
42.3845055
42.3844894
42.3844735
42.3844578
42.3844423
42.3844268
42.3844115
42.3843960
42.3843810
42.3843665
42.3843522
42.3843373
42.3843227
42.3843086
42.3842948
42.3842803
42.3842652
42.3842511
42.3842376
42.3842239
42.3842096
42.3841951
42.3841801
42.3841645
42.3841485
42.3841339
42.3841215
42.3841109
42.3841014
42.3840931
42.3840866
42.3840823
42.3840810
42.3840840
42.3840914
42.3841026
42.3841154
42.3841294
42.3841435
42.3841577
42.3841724
42.3841873
42.3842021
42.3842170
42.3842319
42.3842470
42.3842621
42.3842773
42.3842925
42.3843073
42.3843225
42.3843373
42.3843519
42.3843667
42.3843815
42.3843964
42.3844109
42.3844255
