-83.5007103
-83.5007314
-83.5007523
-83.5007733
-83.5007943
-83.5008152
-83.5008363
-83.5008573
-83.5008786
-83.5008994
-83.5009207
-83.5009422
-83.5009634
-83.5009839
-83.5010044
-83.5010251
-83.5010455
-83.5010648
-83.5010829
-83.5010994
-83.5011138
-83.5011268
-83.5011382
-83.5011484
-83.5011578
-83.5011669
-83.5011760
-83.5011850
-83.5011940
-83.5012025
-83.5012096
-83.5012142
-83.5012152
-83.5012117
-83.5012032
-83.5011906
-83.5011751
-83.5011574
-83.5011380
-83.5011178
-83.5010967
-83.5010756
-83.5010558
-83.5010382
-83.5010234
-83.5010111
-83.5010001
-83.5009898
-83.5009796
-83.5009695
-83.5009597
-83.5009510
-83.5009426
-83.5009331
-83.5009236
-83.5009145
-83.5009057
-83.5008972
-83.5008893
-83.5008815
-83.5008740
-83.5008658
-83.5008555
-83.5008431
-83.5008280
-83.5008109
-83.5007919
-83.5007722
-83.5007519
-83.5007306
-83.5007095
-83.5006882
-83.5006680
-83.5006502
-83.5006365
-83.5006286
-83.5006267
-83.5006284
-83.5006318
-83.5006361
-83.5006416
-83.5006481
-83.5006557
-83.5006623
-83.5006711
-83.5006802
-83.5006898
-83.5006973
-83.5007072
-83.5007171
-83.5007276
-83.5007366
-83.5007471
-83.5007578
-83.5007687
-83.5007795
-83.5007887
-83.5007962
-83.5008001
-83.5007980
-83.5007896
-83.5007760
-83.5007600
-83.5007425
-83.5007239
-83.5007043
-83.5006836
-83.5006623
-83.5006412
-83.5006224
-83.5006067
-83.5005943
-83.5005834
-83.5005744
-83.5005656
-83.5005569
-83.5005487
-83.5005414
-83.5005341
-83.5005266
-83.5005197
-83.5005128
-83.5005057
-83.5004982
-83.5004907
-83.5004831
-83.5004754
-83.5004676
-83.5004598
-83.5004517
-83.5004435
-83.5004354
-83.5004273
