42.3845027
42.3844972
42.3844916
42.3844861
42.3844800
42.3844731
42.3844648
42.3844548
42.3844430
42.3844299
42.3844160
42.3844016
42.3843873
42.3843728
42.3843584
42.3843439
42.3843294
42.3843148
42.3842998
42.3842843
42.3842686
42.3842540
42.3842410
42.3842298
42.3842202
42.3842122
42.3842059
42.3842028
42.3842033
42.3842074
42.3842149
42.3842247
42.3842361
42.3842484
42.3842615
42.3842748
42.3842887
42.3843027
42.3843168
42.3843311
42.3843454
42.3843598
42.3843744
42.3843890
42.3844039
42.3844185
42.3844332
42.3844480
42.3844629
42.3844780
42.3844928
42.3845067
42.3845189
42.3845294
42.3845372
42.3845427
42.3845463
42.3845486
42.3845490
42.3845469
42.3845418
42.3845332
42.3845209
42.3845064
42.3844907
42.3844748
42.3844593
42.3844444
42.3844298
42.3844153
42.3844008
42.3843866
42.3843720
42.3843576
42.3843432
42.3843289
42.3843146
42.3843004
42.3842861
42.3842717
42.3842573
42.3842431
42.3842286
42.3842142
42.3841997
42.3841846
42.3841688
42.3841532
42.3841382
42.3841249
42.3841142
42.3841053
42.3840977
42.3840910
42.3840853
42.3840824
42.3840834
42.3840887
42.3840977
42.3841089
42.3841216
42.3841350
42.3841492
42.3841637
42.3841782
42.3841929
42.3842080
42.3842230
42.3842378
42.3842530
42.3842680
42.3842832
42.3842988
42.3843140
42.3843288
42.3843437
42.3843586
42.3843735
42.3843885
42.3844034
42.3844182
42.3844332
42.3844481
42.3844630
42.3844777
42.3844913
42.3845029
42.3845108
42.3845146
42.3845152
42.3845139
42.3845108
42.3845064
42.3845008
42.3844931
42.3844826
42.3844695
42.3844545
42.3844389
42.3844234
42.3844083
42.3843934
42.3843786
42.3843641
42.3843496
42.3843349
42.3843204
42.3843056
42.3842909
42.3842765
42.3842619
42.3842473
42.3842325
42.3842179
42.3842036
42.3841891
42.3841747
42.3841603
42.3841461
42.3841318
42.3841177
42.3841036
42.3840893
42.3840748
42.3840600
42.3840446
42.3840288
42.3840140
42.3840007
42.3839893
42.3839798
42.3839719
42.3839662
42.3839634
42.3839643
42.3839692
42.3839774
42.3839886
42.3840011
42.3840142
42.3840282
42.3840419
42.3840560
42.3840705
42.3840848
42.3840995
42.3841138
42.3841288
42.3841437
42.3841586
42.3841736
42.3841886
42.3842035
42.3842182
42.3842329
42.3842478
42.3842624
42.3842771
42.3842914
42.3843059
42.3843204
42.3843349
42.3843497
42.3843651
42.3843808
42.3843962
42.3844100
42.3844220
42.3844319
42.3844400
42.3844471
42.3844538
42.3844600
42.3844657
42.3844713
42.3844765
42.3844820
42.3844872
42.3844922
42.3844970
42.3845016
42.3845058
42.3845100
42.3845140
42.3845179
42.3845216
42.3845251
42.3845281
42.3845308
42.3845332
42.3845350
42.3845367
42.3845382
42.3845393
42.3845402
42.3845410
42.3845413
42.3845417
42.3845417
42.3845414
42.3845407
42.3845397
42.3845383
42.3845365
42.3845346
42.3845323
42.3845298
42.3845269
42.3845237
42.3845201
42.3845164
42.3845125
42.3845083
42.3845038
