-83.5009798
-83.5009998
-83.5010199
-83.5010399
-83.5010594
-83.5010786
-83.5010968
-83.5011131
-83.5011272
-83.5011392
-83.5011490
-83.5011580
-83.5011665
-83.5011752
-83.5011835
-83.5011919
-83.5012001
-83.5012080
-83.5012144
-83.5012172
-83.5012151
-83.5012077
-83.5011956
-83.5011807
-83.5011638
-83.5011456
-83.5011261
-83.5011052
-83.5010839
-83.5010635
-83.5010445
-83.5010279
-83.5010132
-83.5010000
-83.5009878
-83.5009768
-83.5009665
-83.5009571
-83.5009478
-83.5009387
-83.5009301
-83.5009219
-83.5009138
-83.5009058
-83.5008981
-83.5008903
-83.5008827
-83.5008759
-83.5008693
-83.5008628
-83.5008553
-83.5008453
-83.5008320
-83.5008162
-83.5007978
-83.5007777
-83.5007572
-83.5007362
-83.5007149
-83.5006940
-83.5006739
-83.5006563
-83.5006428
-83.5006345
-83.5006309
-83.5006316
-83.5006353
-83.5006416
-83.5006492
-83.5006572
-83.5006657
-83.5006744
-83.5006836
-83.5006929
-83.5007024
-83.5007118
-83.5007210
-83.5007303
-83.5007396
-83.5007486
-83.5007576
-83.5007663
-83.5007754
-83.5007840
-83.5007924
-83.5007990
-83.5008022
-83.5008010
-83.5007946
-83.5007830
-83.5007676
-83.5007498
-83.5007310
-83.5007119
-83.5006920
-83.5006711
-83.5006499
-83.5006298
-83.5006121
-83.5005971
-83.5005839
-83.5005730
-83.5005635
-83.5005549
-83.5005465
-83.5005385
-83.5005307
-83.5005234
-83.5005164
-83.5005091
-83.5005022
-83.5004952
-83.5004881
-83.5004810
-83.5004740
-83.5004667
-83.5004594
-83.5004518
-83.5004443
-83.5004370
-83.5004300
-83.5004231
-83.5004165
-83.5004103
-83.5004030
-83.5003927
-83.5003782
-83.5003596
-83.5003389
-83.5003178
-83.5002968
-83.5002758
-83.5002552
-83.5002355
-83.5002169
-83.5002012
-83.5001891
-83.5001822
-83.5001805
-83.5001831
-83.5001885
-83.5001953
-83.5002028
-83.5002106
-83.5002186
-83.5002268
-83.5002350
-83.5002435
-83.5002519
-83.5002600
-83.5002683
-83.5002767
-83.5002852
-83.5002935
-83.5003020
-83.5003108
-83.5003196
-83.5003287
-83.5003379
-83.5003475
-83.5003570
-83.5003663
-83.5003758
-83.5003848
-83.5003924
-83.5003971
-83.5003968
-83.5003901
-83.5003786
-83.5003636
-83.5003464
-83.5003282
-83.5003084
-83.5002876
-83.5002665
-83.5002463
-83.5002283
-83.5002129
-83.5001997
-83.5001880
-83.5001772
-83.5001671
-83.5001574
-83.5001477
-83.5001386
-83.5001294
-83.5001207
-83.5001118
-83.5001028
-83.5000941
-83.5000854
-83.5000769
-83.5000685
-83.5000599
-83.5000515
-83.5000430
-83.5000344
-83.5000257
-83.5000170
-83.5000082
-83.4999994
-83.4999913
-83.4999843
-83.4999798
-83.4999797
-83.4999850
-83.4999950
-83.5000093
-83.5000264
-83.5000448
-83.5000640
-83.5000837
-83.5001038
-83.5001240
-83.5001439
-83.5001639
-83.5001847
-83.5002056
-83.5002256
-83.5002464
-83.5002667
-83.5002870
-83.5003073
-83.5003279
-83.5003486
-83.5003698
-83.5003915
-83.5004122
-83.5004341
-83.5004558
-83.5004774
-83.5004994
-83.5005212
-83.5005428
-83.5005640
-83.5005854
-83.5006073
-83.5006287
-83.5006504
-83.5006719
-83.5006932
-83.5007151
-83.5007369
-83.5007584
-83.5007798
-83.5008012
-83.5008227
-83.5008440
-83.5008653
-83.5008865
-83.5009072
-83.5009281
-83.5009485
-83.5009688
