 42.38396550
 42.38394210
 42.38391710
 42.38389160
 42.38386310
 42.38383620
 42.38379420
 42.38376690
 42.38373950
 42.38371080
 42.38368390
 42.38365650
 42.38362980
 42.38360410
 42.38358010
 42.38355880
 42.38354220
 42.38353100
 42.38352600
 42.38352730
 42.38353470
 42.38354790
 42.38356580
 42.38358760
 42.38361240
 42.38363910
 42.38366630
 42.38369280
 42.38371780
 42.38374120
 42.38376370
 42.38378460
 42.38380500
 42.38382530
 42.38384550
 42.38386560
 42.38388530
 42.38390470
 42.38392440
 42.38394370
 42.38396280
 42.38398120
 42.38399970
 42.38401720
 42.38403420
 42.38405030
 42.38406490
 42.38407900
 42.38409300
 42.38410680
 42.38412100
 42.38413550
 42.38415010
 42.38416480
 42.38417960
 42.38419460
 42.38421010
 42.38422500
 42.38424010
 42.38425450
 42.38426830
 42.38428160
 42.38429410
 42.38430600
 42.38431730
 42.38432870
 42.38434060
 42.38435280
 42.38436480
 42.38437680
 42.38438960
 42.38440260
 42.38441510
 42.38442720
 42.38443930
 42.38445150
 42.38446340
 42.38447500
 42.38448650
 42.38449730
 42.38450820
 42.38451860
 42.38452940
 42.38453980
 42.38454990
 42.38456000
 42.38457030
 42.38458020
 42.38459040
 42.38460020
 42.38461010
 42.38461990
 42.38463000
 42.38464090
 42.38465210
 42.38466450
 42.38467820
 42.38469290
 42.38470780
 42.38472180
 42.38473540
 42.38474710
 42.38475860
 42.38476920
 42.38477920
 42.38478870
 42.38479780
 42.38480700
 42.38481590
 42.38482400
 42.38483240
 42.38484010
 42.38484830
 42.38485620
 42.38486400
 42.38487210
 42.38488000
 42.38488780
 42.38489530
 42.38490290
 42.38490990
 42.38491630
 42.38492180
 42.38492650
 42.38492970
 42.38493050
 42.38492900
 42.38492430
 42.38491680
 42.38490510
 42.38489000
 42.38487180
 42.38485030
 42.38482660
 42.38480110
 42.38477370
 42.38474670
 42.38471980
 42.38469350
 42.38466820
 42.38464330
 42.38462150
 42.38460200
 42.38458610
 42.38457460
 42.38456830
 42.38456660
 42.38456930
 42.38457520
 42.38458340
 42.38459250
 42.38460140
 42.38461060
 42.38461910
 42.38462780
 42.38463530
 42.38464310
 42.38464940
 42.38465590
 42.38466110
 42.38466620
 42.38467050
 42.38467390
 42.38467670
 42.38467830
 42.38467940
 42.38467950
 42.38467890
 42.38467750
 42.38467520
 42.38467220
 42.38466850
 42.38466430
 42.38465960
 42.38465430
 42.38464820
 42.38464180
 42.38463480
 42.38462710
 42.38461860
 42.38461020
 42.38460130
 42.38459230
 42.38458280
 42.38457320
 42.38456360
 42.38455360
 42.38454320
 42.38453310
 42.38452270
 42.38451240
 42.38450140
 42.38449070
 42.38447960
 42.38446880
 42.38445730
 42.38444600
 42.38443430
 42.38442260
 42.38441050
 42.38439800
 42.38438560
 42.38437320
 42.38436050
 42.38434810
 42.38433570
 42.38432340
 42.38431040
 42.38429730
 42.38428410
 42.38427080
 42.38425680
 42.38424260
 42.38422800
 42.38421350
 42.38419870
 42.38418360
 42.38416840
 42.38415310
 42.38413740
 42.38412100
 42.38410440
 42.38408760
 42.38407000
 42.38404950
 42.38402970
 42.38400940
 42.38398810
