42.3845273
42.3845209
42.3845105
42.3844913
42.3844673
42.3844381
42.3844009
42.384364
42.384327
42.384289
42.3842511
42.3842238
42.3842111
42.3842147
42.3842345
42.3842647
42.3843049
42.3843499
42.384393
42.3844337
42.3844706
42.3845066
42.3845345
42.384551
42.3845511
42.3845331
42.3845
42.3844601
42.3844223
42.3843859
42.3843479
42.3843076
42.3842678
42.3842338
42.3842074
42.3841826
42.3841572
42.384132
42.3841116
42.3840958
42.3840912
42.3841034
42.3841328
42.3841745
42.3842184
42.3842618
42.3843068
42.3843512
42.3843959
42.3844368
42.3844728
42.3844993
42.3845128
42.3845132
42.3845017
42.3844777
42.3844396
42.3843963
42.3843535
42.3843117
42.3842692
42.3842283
42.3841896
42.384153
42.3841184
42.3840891
42.3840619
42.384033
42.3840111
42.3839934
42.3839801
42.3839786
42.383988
42.3840084
42.3840321
42.3840588
42.3840891
42.3841223
42.3841612
42.384195
42.3842236
42.3842476
42.3842744
42.3843033
42.384331
42.3843622
42.384397
42.3844327
42.3844671
42.3844941
42.3845119
42.3845232
42.3845331
42.3845403
42.384545
42.3845477
42.3845467
42.384542

