-83.5008825
-83.5009454
-83.50101
-83.5010638
-83.501103
-83.5011333
-83.5011614
-83.5011865
-83.5012078
-83.5012147
-83.5011977
-83.5011609
-83.5011211
-83.5010768
-83.5010347
-83.5010033
-83.5009763
-83.5009511
-83.5009291
-83.5009099
-83.5008905
-83.5008626
-83.5008205
-83.5007674
-83.5007143
-83.5006687
-83.5006417
-83.5006416
-83.5006617
-83.5006892
-83.5007169
-83.5007436
-83.500768
-83.5007877
-83.5008014
-83.5008073
-83.5008005
-83.5007788
-83.500747
-83.5007097
-83.5006685
-83.5006249
-83.5005873
-83.5005609
-83.5005398
-83.500519
-83.5004975
-83.5004756
-83.5004529
-83.5004318
-83.5004088
-83.5003755
-83.5003308
-83.5002796
-83.5002319
-83.5001968
-83.5001846
-83.5001968
-83.50022
-83.5002455
-83.5002703
-83.5002938
-83.5003168
-83.5003406
-83.5003629
-83.5003809
-83.5003913
-83.5003894
-83.5003724
-83.5003447
-83.5003073
-83.5002694
-83.5002337
-83.5002039
-83.5001827
-83.5001631
-83.5001447
-83.5001249
-83.5001014
-83.5000813
-83.5000678
-83.5000628
-83.5000668
-83.5000837
-83.5001063
-83.5001329
-83.5001579
-83.5001795
-83.500209
-83.5002485
-83.5002991
-83.5003575
-83.500422
-83.5004914
-83.5005642
-83.5006375
-83.5007106
-83.5007829

