42.38395578
42.38397916
42.38399084
42.38400253
42.38401422
42.38402591
42.3840376
42.38404929
42.38406098
42.38407267
42.38406098
42.38404929
42.3840376
42.38402591
42.3840376
42.38404929
42.38406098
42.38407267
42.38408436
42.38409605
42.38410773
42.38411942
42.38413111
42.3841428
42.38415449
42.38416618
42.38417787
42.38418956
42.38420125
42.38421294
42.38422463
42.38423631
42.384248
42.38425969
42.38427138
42.38428307
42.38429476
42.38428307
42.38427138
42.38428307
42.38429476
42.38430645
42.38431814
42.38432983
42.38434152
42.38436489
42.38438827
42.38441165
42.38443503
42.38444672
42.38445841
42.3844701
42.38445841
42.38444672
42.38443503
42.38442334
42.38443503
42.38444672
42.38443503
42.38442334
42.38443503
42.38444672
42.38445841
42.3844701
42.38448178
42.38449347
42.38450516
42.38451685
42.38452854
42.38454023
42.38455192
42.38454023
42.38452854
42.38451685
42.38450516
42.38448178
42.38445841
42.38443503
42.38441165
42.38438827
42.38436489
42.38434152
42.38431814
42.38429476
42.38427138
42.384248
42.38422463
42.38421294
42.38420125
42.38418956
42.38420125
42.38421294
42.38422463
42.38423631
42.384248
42.38425969
42.38427138
42.38428307
42.38429476
42.38430645
42.38431814
42.38432983
42.38434152
42.3843532
42.38436489
42.38437658
42.38438827
42.38439996
42.38441165
42.38439996
42.38438827
42.38437658
42.38436489
42.3843532
42.38432983
42.38430645
42.38428307
42.38425969
42.38423631
42.38421294
42.38418956
42.38416618
42.3841428
42.38411942
42.38409605
42.38407267
42.38404929
42.38402591
42.38400253
42.38399084
42.38397916
42.38396747
42.38395578
42.38394409
42.38395578
42.38396747
42.38397916
42.38399084
42.38397916
42.38396747
42.38397916
42.38399084
42.38400253
42.38401422
42.38400253
42.38399084
42.38400253
42.38401422
42.3840376
42.38406098
42.38407267
42.38408436
42.38407267
42.38406098
42.38407267
42.38408436
42.38409605
42.38410773
42.38411942
42.38413111
42.3841428
42.38415449
42.38416618
42.38417787
42.38418956
42.38420125
42.38421294
42.38422463
42.38423631
42.384248
42.38425969
42.38427138
42.38428307
42.38427138
42.38425969
42.384248
42.38425969
42.38427138
42.38429476
42.38431814
42.38432983
42.38434152
42.38432983
42.38431814
42.38432983
42.38434152
42.3843532
42.38437658
42.38439996
42.38441165
42.38442334
42.38443503
42.38444672
42.38443503
42.38442334
42.38443503
42.38444672
42.38445841
42.38444672
42.38443503
42.38442334
42.38443503
42.38444672
42.38443503
42.38442334
42.38441165
42.38439996
42.38438827
42.38437658
42.38436489
42.3843532
42.38436489
42.38437658
42.38438827
42.38439996
42.38442334
42.38444672
42.3844701
42.38449347
42.38450516
42.38451685
42.38452854
42.38451685
42.38450516
42.38449347
42.38448178
42.3844701
42.38445841
42.38444672
42.38442334
42.38439996
42.38437658
42.3843532
42.38432983
42.38431814
42.38430645
42.38431814
42.38432983
42.38434152
42.38432983
42.38431814
42.38430645
42.38429476
42.38428307
42.38425969
42.38423631
42.38422463
42.38421294
42.38420125
42.38421294
42.38422463
42.38423631
42.384248
42.38425969
42.38427138
42.38428307
42.38429476
42.38430645
42.38431814
42.38432983
42.38434152
42.3843532
42.38436489
42.38437658
42.38438827
42.38439996
42.38441165
42.38442334
42.38441165
42.38439996
42.38438827
42.38436489
42.38434152
42.38431814
42.38429476
42.38427138
42.384248
42.38422463
42.38420125
42.38417787
42.38415449
42.38413111
42.38410773
42.38408436
42.38406098
42.3840376
42.38401422
42.38400253
42.38399084
42.38400253
42.38401422
42.38402591
42.3840376
42.38406098
42.38408436
42.38410773
42.38413111
42.38415449
42.38417787
42.38420125
42.38422463
42.384248
42.38427138
42.38429476
42.38431814
42.38434152
42.3843532
42.38436489
42.38437658
42.38436489
42.3843532
42.38432983
42.38430645
42.38428307
42.38425969
42.38423631
42.38421294
42.38418956
42.38416618
42.3841428
42.38411942
42.38409605
42.38407267
42.38404929
42.38402591
42.38401422
42.38400253
42.38399084
42.38400253
42.38401422
42.3840376
42.38406098
42.38407267
42.38408436
42.38410773
42.38413111
42.38415449
42.38417787
42.38420125
42.38422463
42.384248
42.38427138
42.38429476
42.38431814
42.38434152
42.3843532
42.38436489
42.38437658
42.38436489
42.3843532
42.38434152
42.3843532
42.38436489
42.3843532
42.38434152
42.38432983
42.38431814
42.38430645
42.38429476
42.38428307
42.38427138
42.38425969
42.384248
42.38423631
42.38422463
42.38421294
42.38420125
42.38418956
42.38417787
42.38418956
42.38420125
42.38421294
42.38423631
42.38425969
42.38428307
42.38430645
42.38431814
42.38432983
42.38434152
42.38432983
42.38431814
42.38430645
42.38429476
42.38430645
42.38431814
42.38432983
42.38434152
42.3843532
42.38436489
42.38437658
42.38438827
42.38439996
42.38441165
42.38442334
42.38443503
42.38442334
42.38441165
42.38439996
42.38437658
42.3843532
42.38432983
42.38430645
42.38428307
42.38425969
42.38423631
42.38421294
42.38418956
42.38416618
42.3841428
42.38411942
42.38409605
42.38407267
42.38404929
42.3840376
42.38402591
42.38401422
42.38402591
42.3840376
42.38404929
42.38407267
42.38409605
42.38411942
42.3841428
42.38416618
42.38418956
42.38421294
42.38423631
42.38425969
42.38428307
42.38430645
42.38432983
42.38434152
42.3843532
42.38436489
42.38438827
42.38441165
42.38443503
42.38444672
42.38445841
42.3844701
42.38448178
42.38449347
42.38450516
42.38451685
42.38452854
42.38451685
42.38450516
42.38451685
42.38452854
42.38454023
42.38452854
42.38451685
42.38449347
42.3844701
42.38444672
42.38442334
42.38441165
42.38439996
42.38438827
42.38437658
42.38436489
42.3843532
42.38434152
42.38432983
42.38431814
42.38432983
42.38434152
42.3843532
42.38436489
42.38437658
42.38438827
42.38439996
42.38442334
42.38444672
42.38445841
42.3844701
42.38449347
42.38451685
42.38452854
42.38454023
42.38455192
42.38456361
42.3845753
42.38456361
42.38455192
42.38454023
42.38452854
42.38451685
42.38452854
42.38454023
42.38455192
42.38456361
42.38455192
42.38454023
42.38452854
42.38451685
42.38450516
42.38451685
42.38452854
42.38454023
42.38452854
42.38451685
42.38450516
42.38449347
42.38448178
42.3844701
42.38445841
42.38444672
42.38443503
42.38442334
42.38441165
42.38438827
42.38436489
42.38434152
42.38431814
42.38429476
42.38427138
42.384248
42.38422463
42.38420125
42.38417787
42.38415449
42.38413111
42.38411942
42.38410773
42.38409605
42.38408436
42.38406098
42.3840376
42.38401422
42.38400253
42.38399084
42.38397916
42.38396747
42.38395578
42.38394409
42.38395578
42.38396747
42.38397916
42.38396747
42.38395578
42.38396747
42.38397916
42.38399084
42.38400253
42.38401422
42.38402591
42.3840376
42.38402591
42.38401422
42.38400253
42.38401422
42.38402591
42.38404929
42.38407267
42.38408436
42.38409605
42.38410773
42.38411942
42.38413111
42.3841428
42.38415449
42.38416618
42.38417787
42.38418956
42.38420125
42.38421294
42.38420125
42.38418956
42.38417787
42.38418956
42.38420125
42.38421294
42.38422463
42.38423631
42.384248
42.38423631
42.38422463
42.38423631
42.384248
42.38425969
42.38427138
42.38428307
42.38429476
42.38431814
42.38434152
42.38436489
42.38438827
42.38441165
42.38442334
42.38443503
42.38444672
42.38445841
42.3844701
42.38445841
42.38444672
42.38443503
42.38444672
42.38445841
42.3844701
42.38448178
42.38449347
42.38450516
42.38451685
42.38452854
42.38454023
42.38452854
42.38451685
42.38450516
42.38451685
42.38452854
42.38454023
42.38452854
42.38451685
42.38452854
42.38454023
42.38455192
42.38454023
42.38452854
42.38454023
42.38455192
42.38456361
42.3845753
42.38456361
42.38455192
42.38454023
42.38452854
42.38454023
42.38455192
42.38454023
42.38452854
42.38451685
42.38450516
42.38449347
42.38448178
42.38449347
42.38450516
42.38451685
42.38450516
42.38449347
42.38448178
42.3844701
42.38445841
42.38444672
42.38443503
42.38441165
42.38438827
42.38436489
42.38434152
42.38432983
42.38431814
42.38429476
42.38427138
42.38425969
42.384248
42.38423631
42.38422463
42.38420125
42.38417787
42.38416618
42.38415449
42.3841428
42.38413111
42.38411942
42.38410773
42.38409605
42.38408436
42.38406098
42.3840376
42.38402591
42.38401422
42.38402591
42.3840376
42.38406098
42.38408436
42.38409605
42.38410773
42.38411942
42.38410773
42.38409605
42.38408436
42.38407267
42.38406098
42.38407267
42.38408436
42.38409605
42.38410773
42.38411942
42.38413111
42.3841428
42.38415449
42.38416618
42.38417787
42.38418956
42.38420125
42.38421294
42.38420125
42.38418956
42.38417787
42.38416618
42.38417787
42.38418956
42.38420125
42.38422463
42.384248
42.38427138
42.38429476
42.38430645
42.38431814
42.38430645
42.38429476
42.38428307
42.38427138
42.38425969
42.384248
42.38422463
42.38420125
42.38418956
42.38417787
42.38416618
42.38417787
42.38418956
42.38420125
42.38421294
42.38423631
42.38425969
42.38428307
42.38429476
42.38430645
42.38432983
42.3843532
42.38437658
42.38439996
42.38442334
42.38443503
42.38444672
42.38445841
42.3844701
42.38445841
42.38444672
42.38443503
42.38442334
42.38441165
42.38442334
42.38443503
42.38444672
42.38443503
42.38442334
42.38441165
42.38439996
42.38437658
42.3843532
42.38432983
42.38430645
42.38428307
42.38425969
42.38423631
42.38421294
42.38418956
42.38416618
42.3841428
42.38411942
42.38409605
42.38408436
42.38407267
42.38408436
42.38409605
42.38410773
42.38413111
42.38415449
42.38417787
42.38420125
42.38422463
42.384248
42.38427138
42.38429476
42.38431814
42.38434152
42.3843532
42.38436489
42.38437658
42.38436489
42.3843532
42.38434152
42.38432983
42.38431814
42.38430645
42.38429476
42.38428307
42.38427138
42.38425969
42.384248
42.38423631
42.38421294
42.38418956
42.38416618
42.3841428
42.38411942
42.38410773
42.38409605
42.38410773
42.38411942
42.38410773
42.38409605
42.38408436
42.38407267
42.38406098
42.38407267
42.38408436
42.38409605
42.38411942
42.3841428
42.38415449
42.38416618
42.38415449
42.3841428
42.38415449
42.38416618
42.38417787
42.38418956
42.38420125
42.38418956
42.38417787
42.38415449
42.38413111
42.38411942
42.38410773
42.38409605
42.38408436
42.38407267
42.38406098
42.38404929
42.38406098
42.38407267
42.38408436
42.38410773
42.38413111
42.38415449
42.38417787
42.38420125
42.38422463
42.384248
42.38427138
42.38429476
42.38431814
42.38434152
42.38436489
42.38438827
42.38439996
42.38441165
42.38442334
42.38443503
42.38445841
42.38448178
42.38450516
42.38451685
42.38452854
42.38451685
42.38450516
42.38449347
42.38448178
42.3844701
42.38445841
42.38444672
42.38445841
42.3844701
42.38445841
42.38444672
42.38443503
42.38441165
42.38438827
42.38436489
42.38434152
42.38431814
42.38430645
42.38429476
42.38427138
42.384248
42.38423631
42.38422463
42.38421294
42.38418956
42.38416618
42.3841428
42.38413111
42.38411942
42.38410773
42.38411942
42.38413111
42.38415449
42.38417787
42.38418956
42.38420125
42.38418956
42.38417787
42.38418956
42.38420125
42.38422463
42.384248
42.38427138
42.38429476
42.38430645
42.38431814
42.38430645
42.38429476
42.38427138
42.384248
42.38422463
42.38421294
42.38420125
42.38421294
42.38422463
42.38423631
42.38425969
42.38428307
42.38429476
42.38430645
42.38431814
42.38430645
42.38429476
42.38427138
42.384248
42.38422463
42.38420125
42.38417787
42.38416618
42.38415449
42.38416618
42.38417787
42.38420125
42.38422463
42.384248
42.38425969
42.38427138
42.38428307
42.38427138
42.38425969
42.384248
42.38423631
42.38422463
42.38421294
42.38420125
42.38418956
42.38417787
42.38416618
42.38417787
42.38418956
42.38420125
42.38418956
42.38417787
42.38416618
42.38417787
42.38418956
42.38420125
42.38422463
42.384248
42.38425969
42.38427138
42.38425969
42.384248
42.38423631
42.38422463
42.38421294
42.38420125
42.38417787
42.38415449
42.38413111
42.38410773
42.38409605
42.38408436
42.38407267
42.38408436
42.38409605
42.38410773
42.38413111
42.38415449
42.38417787
42.38420125
42.38421294
42.38422463
42.38421294
42.38420125
42.38417787
42.38415449
42.38413111
42.38411942
42.38410773
42.38409605
42.38410773
42.38411942
42.38413111
42.3841428
42.38413111
42.38411942
42.38413111
42.3841428
42.38415449
42.38417787
42.38420125
42.38421294
42.38422463
42.38423631
42.384248
42.38425969
42.38427138
42.38425969
42.384248
42.38423631
42.38421294
42.38418956
42.38416618
42.3841428
42.38413111
42.38411942
42.38410773
42.38411942
42.38413111
42.3841428
42.38416618
42.38418956
42.38421294
42.38423631
42.38425969
42.38428307
42.38430645
42.38431814
42.38432983
42.38431814
42.38430645
42.38428307
42.38425969
42.384248
42.38423631
42.384248
42.38425969
42.38427138
42.38428307
42.38427138
42.38425969
42.384248
42.38422463
42.38420125
42.38417787
42.38416618
42.38415449
42.38416618
42.38417787
42.38418956
42.38421294
42.38423631
42.38425969
42.38427138
42.38428307
42.38430645
42.38432983
42.38434152
42.3843532
42.38436489
42.38437658
42.38438827
42.38439996
42.38441165
42.38439996
42.38438827
42.38437658
42.38436489
42.3843532
42.38434152
42.3843532
42.38436489
42.38438827
42.38441165
42.38442334
42.38443503
42.38444672
42.38443503
42.38442334
42.38439996
42.38437658
42.38436489
42.3843532
42.38436489
42.38437658
42.38439996
42.38442334
42.38443503
42.38444672
42.38443503
42.38442334
42.38441165
42.38439996
42.38438827
42.38437658
42.38436489
42.3843532
42.38434152
42.38432983
42.38430645
42.38428307
42.38425969
42.384248
42.38423631
42.384248
42.38425969
42.38428307
42.38430645
42.38432983
42.3843532
42.38436489
42.38437658
42.38438827
42.38439996
42.38438827
42.38437658
42.3843532
42.38432983
42.38430645
42.38428307
42.38427138
42.38425969
42.38427138
42.38428307
42.38427138
42.38425969
42.384248
42.38423631
42.38422463
42.38423631
42.384248
42.38425969
42.38427138
42.38425969
42.384248
42.38423631
42.38421294
42.38418956
42.38416618
42.3841428
42.38413111
42.38411942
42.38410773
42.38411942
42.38413111
42.3841428
42.38416618
42.38418956
42.38421294
42.38423631
42.38425969
42.38427138
42.38428307
42.38429476
42.38430645
42.38429476
42.38428307
42.38427138
42.38425969
42.384248
42.38423631
42.38422463
42.38421294
42.38422463
42.38423631
42.384248
42.38425969
42.38427138
42.38429476
42.38431814
42.38434152
42.38436489
42.38438827
42.38441165
42.38442334
42.38443503
42.38444672
42.38445841
42.3844701
42.38448178
42.38449347
42.38450516
42.38449347
42.38448178
42.38449347
42.38450516
42.38451685
42.38452854
42.38454023
42.38455192
42.38456361
42.38455192
42.38454023
42.38452854
42.38454023
42.38455192
42.38454023
42.38452854
42.38450516
42.38448178
42.38445841
42.38443503
42.38441165
42.38438827
42.38437658
42.38436489
42.38437658
42.38438827
42.38441165
42.38443503
42.38444672
42.38445841
42.3844701
42.38445841
42.38444672
42.38443503
42.38442334
42.38441165
42.38439996
42.38437658
42.3843532
42.38432983
42.38430645
42.38428307
42.38427138
42.38425969
42.38423631
42.38421294
42.38418956
42.38417787
42.38416618
42.38415449
42.38416618
42.38417787
42.38418956
42.38421294
42.38423631
42.384248
42.38425969
42.38427138
42.38428307
42.38429476
42.38428307
42.38427138
42.38425969
42.38427138
42.38428307
42.38429476
42.38430645
42.38431814
42.38432983
42.38431814
42.38430645
42.38429476
42.38428307
42.38429476
42.38430645
42.38432983
42.3843532
42.38437658
42.38438827
42.38439996
42.38441165
42.38442334
42.38443503
42.38444672
42.3844701
42.38449347
42.38450516
42.38451685
42.38450516
42.38449347
42.3844701
42.38444672
42.38442334
42.38439996
42.38437658
42.38436489
42.3843532
42.38434152
42.38432983
42.38431814
42.38430645
42.38429476
42.38428307
42.38429476
42.38430645
42.38431814
42.38434152
42.38436489
42.38437658
42.38438827
42.38439996
42.38441165
42.38439996
42.38438827
42.38437658
42.38436489
42.3843532
42.38434152
42.38432983
42.38431814
42.38430645
42.38429476
42.38428307
42.38425969
42.38423631
42.38421294
42.38418956
42.38416618
42.38415449
42.3841428
42.38413111
42.3841428
42.38415449
42.38416618
42.38415449
42.3841428
42.38413111
42.38411942
42.38410773
42.38409605
42.38408436
42.38407267
42.38406098
42.38404929
42.3840376
42.38402591
42.3840376
42.38404929
42.38406098
42.38407267
42.38406098
42.38404929
42.3840376
42.38402591
42.38401422
42.38400253
42.38399084
42.38397916
42.38396747
42.38395578
42.38396747
42.38397916
42.38396747
42.38395578
42.38394409
42.38395578
42.38396747
42.38399084
42.38401422
42.3840376
42.38404929
42.38406098
42.38407267
42.38408436
42.38409605
42.38410773
42.38411942
42.38413111
42.3841428
42.38415449
42.38416618
42.38417787
42.38418956
42.38420125
42.38422463
42.384248
42.38427138
42.38429476
42.38431814
42.38434152
42.38436489
42.38438827
42.38441165
42.38442334
42.38443503
42.38442334
42.38441165
42.38439996
42.38438827
42.38437658
42.38436489
42.38437658
42.38438827
42.38439996
42.38441165
42.38439996
42.38438827
42.38437658
42.3843532
42.38432983
42.38430645
42.38428307
42.38427138
42.38425969
42.384248
42.38425969
42.38427138
42.38429476
42.38431814
42.38432983
42.38434152
42.38436489
42.38438827
42.38441165
42.38442334
42.38443503
42.38444672
42.38443503
42.38442334
42.38441165
42.38439996
42.38438827
42.38437658
42.38438827
42.38439996
42.38441165
42.38442334
42.38443503
42.38444672
42.38443503
42.38442334
42.38443503
42.38444672
42.3844701
42.38449347
42.38451685
42.38452854
42.38454023
42.38455192
42.38456361
42.3845753
42.38456361
42.38455192
42.38454023
42.38455192
42.38456361
42.3845753
42.38456361
42.38455192
42.38454023
42.38452854
42.38451685
42.38450516
42.38449347
42.38450516
42.38451685
42.38450516
42.38449347
42.38450516
42.38451685
42.38452854
42.38451685
42.38450516
42.38449347
42.38448178
42.3844701
42.38445841
42.38444672
42.38443503
42.38442334
42.38443503
42.38444672
42.38445841
42.3844701
42.38448178
42.3844701
42.38445841
42.38444672
42.38442334
42.38439996
42.38437658
42.3843532
42.38434152
42.38432983
42.38431814
42.38430645
42.38429476
42.38428307
42.38427138
42.384248
42.38422463
42.38420125
42.38418956
42.38417787
42.38416618
42.38417787
42.38418956
42.38417787
42.38416618
42.38415449
42.3841428
42.38413111
42.38411942
42.38410773
42.38409605
42.38408436
42.38407267
42.38406098
42.38404929
42.3840376
42.38404929
42.38406098
42.38407267
42.38409605
42.38411942
42.38413111
42.3841428
42.38413111
42.38411942
42.38410773
42.38411942
42.38413111
42.3841428
42.38415449
42.38417787
42.38420125
42.38422463
42.384248
42.38427138
42.38428307
42.38429476
42.38430645
42.38431814
42.38432983
42.38434152
42.38436489
42.38438827
42.38441165
42.38442334
42.38443503
42.38445841
42.38448178
42.38450516
42.38451685
42.38452854
42.38454023
42.38452854
42.38451685
42.38450516
42.38451685
42.38452854
42.38451685
42.38450516
42.38451685
42.38452854
42.38454023
42.38455192
42.38454023
42.38452854
42.38454023
42.38455192
42.38456361
42.38455192
42.38454023
42.38452854
42.38454023
42.38455192
42.38454023
42.38452854
42.38451685
42.38449347
42.3844701
42.38445841
42.38444672
42.38443503
42.38442334
42.38441165
42.38439996
42.38438827
42.38437658
42.38436489
42.3843532
42.38434152
42.38432983
42.38431814
42.38430645
42.38429476
42.38428307
42.38427138
42.38425969
42.384248
42.38423631
42.384248
42.38425969
42.38427138
42.38428307
42.38429476
42.38430645
42.38431814
42.38432983
42.38431814
42.38430645
42.38429476
42.38428307
42.38425969
42.38423631
42.38422463
42.38421294
42.38420125
42.38421294
42.38422463
42.38423631
42.384248
42.38425969
42.38428307
42.38430645
42.38432983
42.3843532
42.38437658
42.38439996
42.38441165
42.38442334
42.38443503
42.38444672
42.38443503
42.38442334
42.38443503
42.38444672
42.38443503
42.38442334
42.38441165
42.38438827
42.38436489
42.38434152
42.38431814
42.38430645
42.38429476
42.38427138
42.384248
42.38422463
42.38420125
