-83.5003896
-83.5003896
-83.50041696
-83.50044433
-83.50047169
-83.50049906
-83.50052642
-83.50055378
-83.50058115
-83.50060851
-83.50063588
-83.50066324
-83.5006906
-83.50071797
-83.50074533
-83.5007727
-83.50080006
-83.50082742
-83.50085479
-83.50088215
-83.50090952
-83.50093688
-83.50096424
-83.50099161
-83.50101897
-83.50104634
-83.5010737
-83.50110106
-83.50112843
-83.50115579
-83.50118316
-83.50121052
-83.50123788
-83.50126525
-83.50129261
-83.50131998
-83.50134734
-83.5013747
-83.50140207
-83.50142943
-83.5014568
-83.50148416
-83.50151152
-83.50153889
-83.50156625
-83.50156625
-83.50156625
-83.50156625
-83.50156625
-83.50153889
-83.50151152
-83.50148416
-83.5014568
-83.50142943
-83.50140207
-83.5013747
-83.50134734
-83.50131998
-83.50129261
-83.50126525
-83.50123788
-83.50121052
-83.50118316
-83.50115579
-83.50112843
-83.50110106
-83.5010737
-83.50104634
-83.50101897
-83.50099161
-83.50096424
-83.50093688
-83.50090952
-83.50088215
-83.50085479
-83.50085479
-83.50085479
-83.50085479
-83.50085479
-83.50085479
-83.50085479
-83.50085479
-83.50085479
-83.50085479
-83.50085479
-83.50085479
-83.50085479
-83.50082742
-83.50080006
-83.5007727
-83.50074533
-83.50071797
-83.5006906
-83.50066324
-83.50063588
-83.50060851
-83.50058115
-83.50055378
-83.50052642
-83.50049906
-83.50047169
-83.50044433
-83.50041696
-83.5003896
-83.50036224
-83.50033487
-83.50030751
-83.50028014
-83.50025278
-83.50022542
-83.50019805
-83.50017069
-83.50014332
-83.50011596
-83.50011596
-83.50011596
-83.50011596
-83.50011596
-83.50011596
-83.50011596
-83.50011596
-83.50011596
-83.50011596
-83.50011596
-83.50011596
-83.50011596
-83.50011596
-83.50011596
-83.50011596
-83.50014332
-83.50017069
-83.50019805
-83.50022542
-83.50025278
-83.50028014
-83.50030751
-83.50033487
-83.50036224
-83.5003896
-83.50041696
-83.50044433
-83.50047169
-83.50049906
-83.50052642
-83.50055378
-83.50058115
-83.50060851
-83.50063588
-83.50063588
-83.50063588
-83.50066324
-83.5006906
-83.50071797
-83.50074533
-83.5007727
-83.50080006
-83.50082742
-83.50085479
-83.50088215
-83.50090952
-83.50093688
-83.50096424
-83.50099161
-83.50101897
-83.50104634
-83.5010737
-83.50110106
-83.50112843
-83.50115579
-83.50118316
-83.50121052
-83.50123788
-83.50126525
-83.50129261
-83.50131998
-83.50134734
-83.5013747
-83.50140207
-83.50140207
-83.50140207
-83.50142943
-83.5014568
-83.50148416
-83.50151152
-83.50153889
-83.50156625
-83.50159362
-83.50159362
-83.50159362
-83.50156625
-83.50153889
-83.50151152
-83.50148416
-83.5014568
-83.50142943
-83.50140207
-83.5013747
-83.50134734
-83.50131998
-83.50129261
-83.50126525
-83.50123788
-83.50121052
-83.50118316
-83.50115579
-83.50112843
-83.50110106
-83.5010737
-83.50104634
-83.50101897
-83.50099161
-83.50096424
-83.50093688
-83.50090952
-83.50088215
-83.50088215
-83.50088215
-83.50088215
-83.50088215
-83.50090952
-83.50093688
-83.50096424
-83.50099161
-83.50101897
-83.50104634
-83.5010737
-83.50110106
-83.50112843
-83.50115579
-83.50115579
-83.50115579
-83.50115579
-83.50115579
-83.50115579
-83.50112843
-83.50110106
-83.5010737
-83.50104634
-83.50101897
-83.50099161
-83.50096424
-83.50093688
-83.50090952
-83.50088215
-83.50088215
-83.50088215
-83.50085479
-83.50082742
-83.50080006
-83.5007727
-83.50074533
-83.50071797
-83.5006906
-83.50066324
-83.50063588
-83.50060851
-83.50058115
-83.50055378
-83.50052642
-83.50049906
-83.50047169
-83.50044433
-83.50041696
-83.5003896
-83.50036224
-83.50033487
-83.50030751
-83.50028014
-83.50025278
-83.50022542
-83.50019805
-83.50019805
-83.50019805
-83.50019805
-83.50019805
-83.50019805
-83.50019805
-83.50019805
-83.50019805
-83.50019805
-83.50019805
-83.50019805
-83.50019805
-83.50019805
-83.50019805
-83.50019805
-83.50019805
-83.50017069
-83.50014332
-83.50011596
-83.5000886
-83.50006123
-83.50003387
-83.50003387
-83.50003387
-83.50003387
-83.50003387
-83.50003387
-83.50003387
-83.50003387
-83.50003387
-83.50003387
-83.50003387
-83.50003387
-83.50003387
-83.50003387
-83.50006123
-83.5000886
-83.50011596
-83.50014332
-83.50017069
-83.50017069
-83.50017069
-83.50017069
-83.50017069
-83.50017069
-83.50017069
-83.50017069
-83.50017069
-83.50017069
-83.50017069
-83.50017069
-83.50017069
-83.50017069
-83.50017069
-83.50014332
-83.50011596
-83.5000886
-83.50006123
-83.50003387
-83.50003387
-83.50003387
-83.50006123
-83.5000886
-83.5000886
-83.5000886
-83.5000886
-83.5000886
-83.5000886
-83.5000886
-83.5000886
-83.5000886
-83.5000886
-83.5000886
-83.5000886
-83.50011596
-83.50014332
-83.50017069
-83.50019805
-83.50022542
-83.50025278
-83.50028014
-83.50030751
-83.50033487
-83.50036224
-83.5003896
-83.50041696
-83.50044433
-83.50047169
-83.50049906
-83.50052642
-83.50055378
-83.50058115
-83.50060851
-83.50063588
-83.50066324
-83.5006906
-83.50071797
-83.50074533
-83.5007727
-83.50080006
-83.50082742
-83.50082742
-83.50082742
-83.50082742
-83.50082742
-83.50080006
-83.5007727
-83.50074533
-83.50071797
-83.5006906
-83.50066324
-83.50063588
-83.50060851
-83.50058115
-83.50055378
-83.50052642
-83.50049906
-83.50047169
-83.50044433
-83.50041696
-83.5003896
-83.50036224
-83.50033487
-83.50030751
-83.50028014
-83.50025278
-83.50022542
-83.50022542
-83.50022542
-83.50022542
-83.50022542
-83.50022542
-83.50022542
-83.50022542
-83.50022542
-83.50022542
-83.50022542
-83.50022542
-83.50022542
-83.50022542
-83.50022542
-83.50022542
-83.50019805
-83.50017069
-83.50014332
-83.50011596
-83.5000886
-83.50006123
-83.50006123
-83.50006123
-83.50006123
-83.50006123
-83.50006123
-83.50006123
-83.50006123
-83.50006123
-83.50006123
-83.50006123
-83.50006123
-83.50006123
-83.50003387
-83.5000065
-83.49997914
-83.49997914
-83.49997914
-83.49997914
-83.5000065
-83.50003387
-83.50006123
-83.5000886
-83.50011596
-83.50014332
-83.50017069
-83.50019805
-83.50022542
-83.50025278
-83.50028014
-83.50030751
-83.50033487
-83.50036224
-83.5003896
-83.5003896
-83.5003896
-83.5003896
-83.5003896
-83.50041696
-83.50044433
-83.50047169
-83.50049906
-83.50052642
-83.50055378
-83.50058115
-83.50060851
-83.50063588
-83.50066324
-83.5006906
-83.50071797
-83.50074533
-83.5007727
-83.50080006
-83.50082742
-83.50082742
-83.50082742
-83.50085479
-83.50088215
-83.50088215
-83.50088215
-83.50085479
-83.50082742
-83.50080006
-83.5007727
-83.50074533
-83.50071797
-83.5006906
-83.50066324
-83.50063588
-83.50060851
-83.50058115
-83.50055378
-83.50052642
-83.50049906
-83.50047169
-83.50044433
-83.50041696
-83.5003896
-83.50036224
-83.50033487
-83.50030751
-83.50028014
-83.50025278
-83.50022542
-83.50019805
-83.50017069
-83.50014332
-83.50011596
-83.5000886
-83.50006123
-83.50003387
-83.5000065
-83.49997914
-83.49997914
-83.49997914
-83.49997914
-83.49997914
-83.49997914
-83.49997914
-83.49997914
-83.49997914
-83.49997914
-83.49997914
-83.49997914
-83.49997914
-83.5000065
-83.50003387
-83.50006123
-83.5000886
-83.5000886
-83.5000886
-83.5000886
-83.50011596
-83.50014332
-83.50017069
-83.50019805
-83.50022542
-83.50025278
-83.50028014
-83.50030751
-83.50033487
-83.50036224
-83.5003896
-83.50041696
-83.50044433
-83.50047169
-83.50049906
-83.50052642
-83.50055378
-83.50058115
-83.50060851
-83.50063588
-83.50066324
-83.5006906
-83.50071797
-83.50071797
-83.50071797
-83.50074533
-83.5007727
-83.50080006
-83.50082742
-83.50085479
-83.50088215
-83.50090952
-83.50093688
-83.50096424
-83.50099161
-83.50101897
-83.50104634
-83.5010737
-83.50110106
-83.50112843
-83.50115579
-83.50118316
-83.50121052
-83.50123788
-83.50126525
-83.50129261
-83.50131998
-83.50134734
-83.5013747
-83.50140207
-83.50142943
-83.5014568
-83.50148416
-83.50151152
-83.50151152
-83.50151152
-83.50151152
-83.50151152
-83.50151152
-83.50148416
-83.5014568
-83.50142943
-83.50140207
-83.5013747
-83.50134734
-83.50131998
-83.50129261
-83.50126525
-83.50123788
-83.50121052
-83.50118316
-83.50115579
-83.50112843
-83.50110106
-83.5010737
-83.50104634
-83.50101897
-83.50099161
-83.50096424
-83.50093688
-83.50090952
-83.50088215
-83.50085479
-83.50082742
-83.50080006
-83.5007727
-83.50074533
-83.50071797
-83.5006906
-83.50066324
-83.50063588
-83.50060851
-83.50058115
-83.50055378
-83.50052642
-83.50049906
-83.50047169
-83.50044433
-83.50041696
-83.5003896
-83.50036224
-83.50033487
-83.50030751
-83.50028014
-83.50025278
-83.50022542
-83.50019805
-83.50017069
-83.50014332
-83.50011596
-83.5000886
-83.50006123
-83.50003387
-83.5000065
-83.49997914
-83.49997914
-83.49997914
-83.49997914
-83.49997914
-83.5000065
-83.50003387
-83.50003387
-83.50003387
-83.5000065
-83.49997914
-83.49995178
-83.49992441
-83.49992441
-83.49992441
-83.49995178
-83.49997914
-83.5000065
-83.50003387
-83.50006123
-83.5000886
-83.50011596
-83.50014332
-83.50014332
-83.50014332
-83.50011596
-83.5000886
-83.50006123
-83.50003387
-83.50003387
-83.50003387
-83.50006123
-83.5000886
-83.50011596
-83.50014332
-83.50017069
-83.50019805
-83.50022542
-83.50025278
-83.50028014
-83.50030751
-83.50033487
-83.50036224
-83.5003896
-83.50041696
-83.50044433
-83.50047169
-83.50049906
-83.50052642
-83.50055378
-83.50058115
-83.50060851
-83.50063588
-83.50066324
-83.5006906
-83.50071797
-83.50074533
-83.5007727
-83.50080006
-83.50080006
-83.50080006
-83.50080006
-83.50080006
-83.5007727
-83.50074533
-83.50071797
-83.5006906
-83.50066324
-83.50063588
-83.50060851
-83.50058115
-83.50058115
-83.50058115
-83.50060851
-83.50063588
-83.50066324
-83.5006906
-83.50071797
-83.50074533
-83.5007727
-83.5007727
-83.5007727
-83.5007727
-83.50074533
-83.50071797
-83.50071797
-83.50071797
-83.50071797
-83.50071797
-83.50071797
-83.5006906
-83.50066324
-83.50063588
-83.50060851
-83.50058115
-83.50055378
-83.50052642
-83.50049906
-83.50047169
-83.50044433
-83.50041696
-83.5003896
-83.50036224
-83.50033487
-83.50030751
-83.50028014
-83.50028014
-83.50028014
-83.50028014
-83.50028014
-83.50028014
-83.50028014
-83.50028014
-83.50028014
-83.50028014
-83.50028014
-83.50028014
-83.50028014
-83.50028014
-83.50025278
-83.50022542
-83.50019805
-83.50017069
-83.50014332
-83.50014332
-83.50014332
-83.50014332
-83.50014332
-83.50014332
-83.50014332
-83.50014332
-83.50014332
-83.50014332
-83.50014332
-83.50017069
-83.50019805
-83.50022542
-83.50025278
-83.50028014
-83.50030751
-83.50033487
-83.50036224
-83.5003896
-83.50041696
-83.50044433
-83.50047169
-83.50049906
-83.50052642
-83.50055378
-83.50055378
-83.50055378
-83.50055378
-83.50055378
-83.50055378
-83.50052642
-83.50049906
-83.50047169
-83.50044433
-83.50041696
-83.5003896
-83.50036224
-83.50033487
-83.50030751
-83.50028014
-83.50025278
-83.50022542
-83.50022542
-83.50022542
-83.50025278
-83.50028014
-83.50030751
-83.50033487
-83.50036224
-83.5003896
-83.50041696
-83.50044433
-83.50047169
-83.50049906
-83.50052642
-83.50052642
-83.50052642
-83.50049906
-83.50047169
-83.50044433
-83.50041696
-83.5003896
-83.50036224
-83.50033487
-83.50030751
-83.50028014
-83.50025278
-83.50025278
-83.50025278
-83.50025278
-83.50025278
-83.50025278
-83.50025278
-83.50025278
-83.50025278
-83.50025278
-83.50025278
-83.50025278
-83.50025278
-83.50025278
-83.50028014
-83.50030751
-83.50033487
-83.50036224
-83.50036224
-83.50036224
-83.50036224
-83.50033487
-83.50030751
-83.50028014
-83.50025278
-83.50022542
-83.50019805
-83.50017069
-83.50014332
-83.50011596
-83.5000886
-83.50006123
-83.50003387
-83.5000065
-83.49997914
-83.49997914
-83.49997914
-83.49997914
-83.49997914
-83.49997914
-83.5000065
-83.50003387
-83.50003387
-83.50003387
-83.5000065
-83.49997914
-83.49995178
-83.49995178
-83.49995178
-83.49995178
-83.49997914
-83.5000065
-83.50003387
-83.50006123
-83.5000886
-83.5000886
-83.5000886
-83.50006123
-83.50003387
-83.5000065
-83.49997914
-83.49995178
-83.49992441
-83.49992441
-83.49992441
-83.49992441
-83.49992441
-83.49995178
-83.49997914
-83.5000065
-83.50003387
-83.50003387
-83.50003387
-83.50003387
-83.5000065
-83.49997914
-83.49995178
-83.49992441
-83.49989705
-83.49989705
-83.49989705
-83.49992441
-83.49995178
-83.49997914
-83.5000065
-83.50003387
-83.50003387
-83.50003387
-83.50003387
-83.50003387
-83.50003387
-83.5000065
-83.49997914
-83.49995178
-83.49992441
-83.49992441
-83.49992441
-83.49992441
-83.49995178
-83.49997914
-83.5000065
-83.50003387
-83.50006123
-83.5000886
-83.50011596
-83.50014332
-83.50017069
-83.50019805
-83.50022542
-83.50025278
-83.50028014
-83.50030751
-83.50033487
-83.50036224
-83.5003896
-83.50041696
-83.50044433
-83.50047169
-83.50049906
-83.50052642
-83.50052642
-83.50052642
-83.50049906
-83.50047169
-83.50044433
-83.50041696
-83.5003896
-83.50036224
-83.50033487
-83.50030751
-83.50030751
-83.50030751
-83.50030751
-83.50030751
-83.50033487
-83.50036224
-83.5003896
-83.50041696
-83.50044433
-83.50047169
-83.50047169
-83.50047169
-83.50047169
-83.50047169
-83.50049906
-83.50052642
-83.50055378
-83.50058115
-83.50058115
-83.50058115
-83.50058115
-83.50055378
-83.50052642
-83.50049906
-83.50047169
-83.50044433
-83.50041696
-83.5003896
-83.50036224
-83.50033487
-83.50030751
-83.50028014
-83.50025278
-83.50025278
-83.50025278
-83.50028014
-83.50030751
-83.50033487
-83.50036224
-83.5003896
-83.50041696
-83.50044433
-83.50047169
-83.50049906
-83.50049906
-83.50049906
-83.50049906
-83.50049906
-83.50047169
-83.50044433
-83.50041696
-83.5003896
-83.50036224
-83.50033487
-83.50033487
-83.50033487
-83.50033487
-83.50033487
-83.50033487
-83.50033487
-83.50033487
-83.50030751
-83.50028014
-83.50025278
-83.50022542
-83.50022542
-83.50022542
-83.50025278
-83.50028014
-83.50030751
-83.50033487
-83.50036224
-83.5003896
-83.50041696
-83.50044433
-83.50047169
-83.50047169
-83.50047169
-83.50047169
-83.50044433
-83.50041696
-83.5003896
-83.50036224
-83.50033487
-83.50033487
-83.50033487
-83.50033487
-83.50030751
-83.50028014
-83.50028014
-83.50028014
-83.50030751
-83.50033487
-83.50036224
-83.5003896
-83.50041696
-83.50044433
-83.50047169
-83.50049906
-83.50052642
-83.50055378
-83.50058115
-83.50060851
-83.50063588
-83.50066324
-83.5006906
-83.5006906
-83.5006906
-83.50066324
-83.50063588
-83.50060851
-83.50058115
-83.50055378
-83.50055378
-83.50055378
-83.50058115
-83.50060851
-83.50063588
-83.50066324
-83.50066324
-83.50066324
-83.5006906
-83.50071797
-83.50074533
-83.5007727
-83.50080006
-83.50082742
-83.50085479
-83.50088215
-83.50090952
-83.50093688
-83.50096424
-83.50099161
-83.50099161
-83.50099161
-83.50099161
-83.50096424
-83.50093688
-83.50090952
-83.50088215
-83.50088215
-83.50088215
-83.50088215
-83.50088215
-83.50090952
-83.50093688
-83.50096424
-83.50099161
-83.50101897
-83.50104634
-83.50104634
-83.50104634
-83.50104634
-83.50104634
-83.50101897
-83.50099161
-83.50096424
-83.50093688
-83.50090952
-83.50088215
-83.50085479
-83.50082742
-83.50080006
-83.5007727
-83.50074533
-83.50071797
-83.5006906
-83.50066324
-83.50063588
-83.50060851
-83.50060851
-83.50060851
-83.50060851
-83.50060851
-83.50058115
-83.50055378
-83.50052642
-83.50049906
-83.50047169
-83.50044433
-83.50044433
-83.50044433
-83.50044433
-83.50044433
-83.50044433
-83.50041696
-83.5003896
-83.50036224
-83.50033487
-83.50030751
-83.50028014
-83.50025278
-83.50022542
-83.50019805
-83.50017069
-83.50014332
-83.50011596
-83.5000886
-83.50006123
-83.50003387
-83.5000065
-83.49997914
-83.49997914
-83.49997914
-83.49997914
-83.49997914
-83.49997914
-83.49997914
-83.5000065
-83.50003387
-83.50006123
-83.5000886
-83.50011596
-83.50014332
-83.50017069
-83.50019805
-83.50022542
-83.50025278
-83.50028014
-83.50030751
-83.50033487
-83.50036224
-83.5003896
-83.50041696
-83.50044433
-83.50047169
-83.50049906
-83.50052642
-83.50055378
-83.50058115
-83.50060851
-83.50063588
-83.50063588
-83.50063588
-83.50063588
-83.50063588
-83.50063588
-83.50063588
-83.50060851
-83.50058115
-83.50055378
-83.50052642
-83.50052642
-83.50052642
-83.50055378
-83.50058115
-83.50060851
-83.50063588
-83.50066324
-83.5006906
-83.50071797
-83.50074533
-83.5007727
-83.5007727
-83.5007727
-83.5007727
-83.5007727
-83.5007727
-83.50074533
-83.50071797
-83.50071797
-83.50071797
-83.50071797
-83.5006906
-83.50066324
-83.50063588
-83.50060851
-83.50058115
-83.50055378
-83.50055378
-83.50055378
-83.50058115
-83.50060851
-83.50063588
-83.50066324
-83.5006906
-83.50071797
-83.50074533
-83.5007727
-83.50080006
-83.50082742
-83.50085479
-83.50088215
-83.50090952
-83.50093688
-83.50096424
-83.50099161
-83.50101897
-83.50104634
-83.5010737
-83.50110106
-83.50110106
-83.50110106
-83.50110106
-83.50112843
-83.50115579
-83.50118316
-83.50121052
-83.50123788
-83.50126525
-83.50126525
-83.50126525
-83.50123788
-83.50121052
-83.50118316
-83.50115579
-83.50115579
-83.50115579
-83.50115579
-83.50115579
-83.50115579
-83.50112843
-83.50110106
-83.5010737
-83.50104634
-83.50101897
-83.50099161
-83.50096424
-83.50093688
-83.50090952
-83.50088215
-83.50085479
-83.50085479
-83.50085479
-83.50088215
-83.50090952
-83.50093688
-83.50096424
-83.50099161
-83.50101897
-83.50104634
-83.5010737
-83.50110106
-83.50112843
-83.50115579
-83.50118316
-83.50121052
-83.50123788
-83.50126525
-83.50126525
-83.50126525
-83.50126525
-83.50126525
-83.50126525
-83.50123788
-83.50121052
-83.50118316
-83.50115579
-83.50112843
-83.50110106
-83.5010737
-83.50104634
-83.50101897
-83.50099161
-83.50096424
-83.50093688
-83.50090952
-83.50088215
-83.50085479
-83.50082742
-83.50080006
-83.5007727
-83.50074533
-83.50071797
-83.5006906
-83.50066324
-83.50063588
-83.50060851
-83.50058115
-83.50055378
-83.50052642
-83.50049906
-83.50047169
-83.50044433
-83.50041696
-83.5003896
-83.50036224
-83.50033487
-83.50030751
-83.50028014
-83.50025278
-83.50022542
-83.50019805
-83.50019805
-83.50019805
-83.50019805
-83.50022542
-83.50025278
-83.50028014
-83.50030751
-83.50033487
-83.50036224
-83.5003896
-83.50041696
-83.50044433
-83.50047169
-83.50049906
-83.50052642
-83.50055378
-83.50058115
-83.50058115
-83.50058115
-83.50058115
-83.50058115
-83.50058115
-83.50058115
-83.50058115
-83.50058115
-83.50058115
-83.50060851
-83.50063588
-83.50066324
-83.5006906
-83.50071797
-83.50074533
-83.5007727
-83.50080006
-83.50082742
-83.50085479
-83.50088215
-83.50090952
-83.50093688
-83.50096424
-83.50099161
-83.50099161
-83.50099161
-83.50099161
-83.50099161
-83.50096424
-83.50093688
-83.50090952
-83.50088215
-83.50085479
-83.50085479
-83.50085479
-83.50088215
-83.50090952
-83.50090952
-83.50090952
-83.50090952
-83.50088215
-83.50085479
-83.50082742
-83.50080006
-83.5007727
-83.50074533
-83.50071797
-83.5006906
-83.50066324
-83.50063588
-83.50060851
-83.50058115
-83.50055378
-83.50052642
-83.50049906
-83.50047169
-83.50044433
-83.50041696
-83.5003896
-83.5003896
-83.5003896
-83.5003896
-83.50041696
-83.50044433
-83.50047169
-83.50049906
-83.50052642
-83.50055378
-83.50058115
-83.50060851
-83.50063588
-83.50066324
-83.5006906
-83.50071797
-83.50074533
-83.5007727
-83.50080006
-83.50082742
-83.50085479
-83.50088215
-83.50090952
-83.50093688
-83.50096424
-83.50099161
-83.50101897
-83.50104634
-83.5010737
-83.50110106
-83.50112843
-83.50115579
-83.50118316
-83.50121052
-83.50123788
-83.50126525
-83.50129261
-83.50131998
-83.50134734
-83.5013747
-83.50140207
-83.50142943
-83.5014568
-83.50148416
-83.50151152
-83.50153889
-83.50153889
-83.50153889
-83.50153889
-83.50153889
-83.50151152
-83.50148416
-83.5014568
-83.50142943
-83.50140207
-83.5013747
-83.50134734
-83.50134734
-83.50134734
-83.50134734
-83.50131998
-83.50129261
-83.50126525
-83.50123788
-83.50121052
-83.50118316
-83.50115579
-83.50112843
-83.50110106
-83.5010737
-83.50104634
-83.50101897
-83.50099161
-83.50096424
-83.50093688
-83.50090952
-83.50088215
-83.50085479
-83.50082742
-83.50080006
-83.5007727
-83.5007727
-83.5007727
-83.50080006
-83.50082742
-83.50085479
-83.50088215
-83.50090952
-83.50093688
-83.50096424
-83.50099161
-83.50101897
-83.50101897
-83.50101897
-83.50101897
-83.50101897
-83.50101897
-83.50104634
-83.5010737
-83.50110106
-83.50112843
-83.50115579
-83.50118316
-83.50118316
-83.50118316
-83.50118316
-83.50115579
-83.50112843
-83.50112843
-83.50112843
-83.50112843
-83.50110106
-83.5010737
-83.50104634
-83.50101897
-83.50099161
-83.50096424
-83.50093688
-83.50090952
-83.50088215
-83.50085479
-83.50082742
-83.50080006
-83.5007727
-83.50074533
-83.50071797
-83.5006906
-83.50066324
-83.50063588
-83.50060851
-83.50058115
-83.50055378
-83.50052642
-83.50049906
-83.50047169
-83.50044433
-83.50041696
-83.5003896
-83.5003896
-83.5003896
-83.50041696
-83.50044433
-83.50047169
-83.50049906
-83.50052642
-83.50055378
-83.50058115
-83.50060851
-83.50063588
-83.50066324
-83.5006906
-83.50071797
-83.50074533
-83.5007727
-83.50080006
-83.50082742
-83.50085479
-83.50088215
-83.50090952
-83.50093688
-83.50096424
-83.50099161
-83.50101897
-83.50104634
-83.5010737
-83.50110106
-83.50112843
-83.50115579
-83.50118316
-83.50121052
-83.50123788
-83.50126525
-83.50126525
-83.50126525
-83.50129261
-83.50131998
-83.50134734
-83.5013747
-83.50140207
-83.50142943
-83.5014568
-83.50148416
-83.50148416
-83.50148416
-83.50148416
-83.50148416
-83.50148416
-83.50148416
-83.5014568
-83.50142943
-83.50140207
-83.5013747
-83.50134734
-83.50131998
-83.50129261
-83.50126525
-83.50123788
-83.50121052
-83.50118316
-83.50118316
-83.50118316
-83.50118316
-83.50118316
-83.50121052
-83.50123788
-83.50123788
-83.50123788
-83.50123788
-83.50123788
